stn;time;tnd30xy0;tre200yx;tre200yn;tre200y0;rre150y0;hto000y0;tnd20ny0;fu3010y0;w1pnd0y0;w2pnd2y0
BAS;1980;3;32.3;-11;8.9;706.6;0;0;7.6;-;28
BAS;1981;2;30.9;-10.8;9.6;972.4;0;0;7.9;-;44
BAS;1982;7;32;-7.3;10.3;958.7;0;0;7.9;-;14
BAS;1983;15;38.4;-8.5;10.3;728;0;2;8.3;-;22
BAS;1984;7;34.8;-6.9;9.5;721.4;0;0;8.3;-;33
BAS;1985;5;35.5;-20.6;9;618.8;1;0;9.7;-;50
BAS;1986;9;35.5;-15.8;9.4;878.9;2;0;10.1;-;44
BAS;1987;5;31.3;-23.3;9.5;907.7;0;0;9.4;-;29
BAS;1988;3;33.5;-9.4;10.5;832.2;0;0;10.1;-;24
BAS;1989;9;34.5;-8.5;10.6;655.8;0;0;9.4;-;2
BAS;1990;13;34.3;-6.2;10.9;814.5;0;0;9.7;-;10
BAS;1991;10;32.8;-13.7;10;758.7;0;0;9.4;-;16
BAS;1992;16;34.3;-9.2;10.7;824.3;0;1;9;-;10
BAS;1993;6;32.9;-12;10.2;779.8;0;0;9.7;-;19
BAS;1994;20;34.3;-7.6;11.5;848.5;0;0;9.4;-;11
BAS;1995;10;33.8;-10;10.5;1014.3;0;1;9.4;-;30
BAS;1996;4;31.9;-15;9.4;833;0;0;8.6;-;33
BAS;1997;7;31;-12.2;10.7;752.7;0;0;8.3;-;11
BAS;1998;15;35.3;-8.8;10.8;806.6;0;2;8.6;-;18
BAS;1999;4;32.2;-14.2;10.9;1151;0;1;9.4;-;33
BAS;2000;9;33;-10.6;11.8;786.7;0;0;9;-;13
BAS;2001;9;33.6;-13;10.7;1011.7;0;0;8.6;-;21
BAS;2002;8;34.5;-10;11.2;1048.3;0;0;8.3;-;6
BAS;2003;41;38.6;-11.2;11.4;614.6;0;7;7.6;-;23
BAS;2004;13;32;-10.7;10.6;791.9;0;1;7.9;-;30
BAS;2005;18;34.6;-14.7;10.4;706;0;1;7.9;143;33
BAS;2006;22;35.2;-8.6;10.9;1028.5;1;3;8.3;170;21
BAS;2007;4;33.6;-8.5;11.3;952;0;0;8.6;159;11
BAS;2008;6;32.5;-6.7;10.8;869.6;0;0;8.3;182;19
BAS;2009;12;34.6;-16;11.1;765;0;0;8.3;-;-
BAS;2010;16;35.7;-11.3;9.9;835.2;1;0;6.1;-;-
BAS;2011;12;35.1;-7.9;11.6;687.9;0;2;6.1;-;-
BAS;2012;12;34.4;-19.3;10.9;1047.9;1;2;6.8;-;-
BAS;2013;13;37.3;-11.1;10.3;907.7;1;2;6.5;-;-
BAS;2014;8;35.5;-13.4;11.9;868.5;0;0;6.8;-;9
BAS;2015;28;37;-7.2;11.7;645.3;0;9;7.2;-;15
BAS;2016;12;34.6;-7.1;10.9;996.8;0;0;6.5;-;-
BAS;2017;26;34.3;-10.5;11.4;765.2;0;5;6.8;161;27
BAS;2018;25;34.8;-11.1;12.2;697.6;0;3;6.8;144;16
BAS;2019;23;37.4;-5.9;11.6;785.8;0;6;7.2;163;15
BAS;2020;19;36.5;-4.5;12.1;676.4;0;0;7.6;166;3
BAS;2021;6;32.3;-11.9;10.6;921.9;0;1;6.8;178;26
BAS;2022;33;36.7;-9.1;12.5;795.4;0;1;6.8;153;12

stn;time;tnd30xy0;tre200yx;tre200yn;tre200y0;rre150y0;hto000y0;tnd20ny0;fu3010y0;w1pnd0y0;w2pnd2y0
BER;1980;1;30.3;-15.1;7.6;1147.9;1;0;6.1;-;45
BER;1981;3;31.1;-14.8;8.3;1173.1;1;0;6.1;-;61
BER;1982;1;30.1;-10.5;9;1177.4;0;0;6.1;-;-
BER;1983;13;34.9;-10.5;8.8;931.3;0;0;6.5;-;34
BER;1984;4;30.9;-12.1;8.1;984.8;0;0;7.6;-;52
BER;1985;4;32;-20.7;7.9;987.7;1;0;6.8;-;40
BER;1986;6;31.9;-16.7;8.3;1131.4;1;0;7.2;-;47
BER;1987;9;31.8;-21.1;8.2;1235.1;1;0;6.8;-;39
BER;1988;4;31.4;-10.6;9.1;1135.7;0;0;7.6;-;31
BER;1989;2;31.4;-7.2;9.1;761.5;0;0;6.8;-;6
BER;1990;6;32.4;-9.7;9.4;1270.8;0;0;7.6;-;-
BER;1991;5;31.4;-14.3;8.5;867.9;0;0;6.8;-;20
BER;1992;14;32.9;-14.1;9.1;1042.3;0;0;7.2;-;11
BER;1993;5;32.1;-12.2;8.9;1040.8;0;0;7.2;-;-
BER;1994;13;33.4;-9.4;10.3;1087.3;0;0;6.5;-;20
BER;1995;7;33.4;-14.4;9.1;1222;0;0;6.8;-;37
BER;1996;1;30.6;-11.2;8.3;1051.7;0;0;5.4;-;28
BER;1997;0;29.6;-9.7;9.5;941.4;0;0;6.5;-;9
BER;1998;14;34.2;-10.7;9.5;884.3;0;0;7.2;-;31
BER;1999;2;30.7;-14.6;9.5;1317.7;1;0;6.8;-;40
BER;2000;1;30.8;-13.4;10.2;983.7;0;0;6.1;-;10
BER;2001;4;30.7;-13.3;9.7;1277.8;0;0;6.8;-;30
BER;2002;7;32.6;-10.4;9.8;1316.2;0;0;5.8;-;7
BER;2003;32;37;-15;9.8;737.8;0;0;5.4;-;26
BER;2004;1;30.3;-10;9.1;1011.5;0;0;5.8;-;38
BER;2005;13;33.5;-15.6;8.8;859.4;2;0;5.4;-;-
BER;2006;17;33.7;-12.5;9.4;1215.6;1;0;5.8;-;-
BER;2007;2;30.6;-11.4;9.5;1290.6;0;0;6.5;-;-
BER;2008;2;31.3;-9.9;9;945;1;0;6.1;-;-
BER;2009;8;33.2;-12.9;9.4;959.2;2;0;6.1;-;-
BER;2010;10;32.9;-16.3;8.6;915.1;2;0;6.5;-;-
BER;2011;8;32.9;-10.4;10.1;789.4;0;0;5.8;-;-
BER;2012;9;33.5;-18.5;9.2;1127.7;1;0;6.5;-;-
BER;2013;11;34.1;-12.4;8.7;1113;1;0;6.1;-;-
BER;2014;5;31.3;-13.4;10;1033.8;0;0;5.8;-;-
BER;2015;26;36.8;-11.9;9.9;767.8;1;0;6.5;-;-
BER;2016;9;32.2;-14.2;9.4;1056;0;0;6.5;-;-
BER;2017;11;33;-15.5;9.6;854.1;1;0;6.5;-;-
BER;2018;17;33.3;-14.6;10.5;907.1;0;0;6.8;-;-
BER;2019;16;35.4;-9.5;10;999.3;0;0;6.5;-;-
BER;2020;12;33.6;-6.4;10.3;1037.2;0;0;6.8;-;-
BER;2021;4;30.5;-9.9;9.2;1136.6;0;0;6.8;-;-
BER;2022;16;35.1;-9.4;10.9;895.1;0;0;6.5;-;-

stn;time;tnd30xy0;tre200yx;tre200yn;tre200y0;rre150y0;hto000y0;tnd20ny0;fu3010y0;w1pnd0y0;w2pnd2y0
DAV;1980;0;27.6;-20.6;2.1;963.1;31;0;9;-;114
DAV;1981;0;25.8;-22.5;2.6;1155.7;34;0;8.6;-;107
DAV;1982;0;25;-18.9;3.3;955.5;35;0;9;-;90
DAV;1983;0;29;-19.8;3.4;1022.7;27;0;8.6;-;82
DAV;1984;0;27.1;-19.4;2.3;861.8;29;0;9.7;-;108
DAV;1985;0;25.4;-27.6;2.6;860.7;18;0;10.4;-;101
DAV;1986;0;25.5;-24.5;3.1;935.5;31;0;10.8;-;97
DAV;1987;0;24.9;-27.9;3;1103.4;31;0;9.7;-;94
DAV;1988;0;26.2;-18.9;3.5;1037.8;26;0;10.4;-;103
DAV;1989;0;24.7;-13.5;4.2;751.9;13;0;9.7;-;68
DAV;1990;0;25.3;-16.6;3.8;1108.1;15;0;10.1;-;90
DAV;1991;0;25.9;-22.2;3.2;914.2;14;0;10.4;-;89
DAV;1992;0;26.6;-21;3.7;1057.5;40;0;9.7;-;80
DAV;1993;0;26.1;-21.9;3.4;1087.2;18;0;9.7;-;84
DAV;1994;0;27.6;-18.6;4.6;1168.1;20;0;8.6;-;95
DAV;1995;0;26.6;-20.9;3.2;1194.9;27;0;9.7;-;118
DAV;1996;0;24.4;-21.6;3.1;1078.9;14;0;9;-;96
DAV;1997;0;23.4;-15.2;4.2;1039.5;15;0;8.3;-;86
DAV;1998;0;27;-19.1;3.6;1011.9;13;0;10.4;-;109
DAV;1999;0;25.3;-23.1;3.6;1466.6;36;0;10.1;-;107
DAV;2000;0;25.5;-21.8;4.3;1189.8;29;0;9.7;-;104
DAV;2001;0;26.1;-20;3.7;1268.2;16;0;10.1;-;120
DAV;2002;0;27.7;-19.6;4.4;1227.5;11;0;9;-;95
DAV;2003;0;27.3;-19.8;4.3;848.7;13;0;8.3;-;88
DAV;2004;0;24.3;-19.4;3.5;881.1;22;0;8.3;-;103
DAV;2005;0;27.5;-22.6;3;922.9;23;0;7.9;-;-
DAV;2006;0;27.5;-21.7;4.2;788.5;24;0;5;-;-
DAV;2007;0;26.3;-17.7;4.1;1005;16;0;8.3;-;-
DAV;2008;0;27.2;-18.4;3.8;1163.7;28;0;8.3;-;-
DAV;2009;0;26.5;-21.1;3.8;928.6;32;0;7.9;-;-
DAV;2010;0;27.8;-20.3;2.7;1003.4;21;0;7.9;-;-
DAV;2011;0;28.5;-18.6;4.7;1070.3;19;0;6.8;-;-
DAV;2012;0;27.3;-27.4;3.9;1232.3;40;0;7.6;-;-
DAV;2013;0;27.6;-20.4;3.6;923.8;24;0;7.6;-;-
DAV;2014;0;27.1;-17.1;4.8;1021.6;18;0;7.6;-;-
DAV;2015;0;29.3;-16;4.8;866;17;0;7.6;-;-
DAV;2016;0;26.6;-19.9;4.4;1153;18;0;7.6;-;-
DAV;2017;0;26.8;-19.4;4.2;1193;16;0;7.6;-;-
DAV;2018;0;26.2;-24.3;5;1082.8;35;0;7.6;-;-
DAV;2019;0;29.8;-17.9;4.5;1314.1;37;0;7.9;-;-
DAV;2020;0;27.2;-15.8;4.9;1031.9;22;0;10.4;-;-
DAV;2021;0;26.6;-18.8;3.7;956.6;35;0;9.4;-;-
DAV;2022;0;27.8;-17.1;5.3;831.4;22;0;7.9;-;-

stn;time;tnd30xy0;tre200yx;tre200yn;tre200y0;rre150y0;hto000y0;tnd20ny0;fu3010y0;w1pnd0y0;w2pnd2y0
GVE;1980;3;31;-11;8.9;1132.4;0;0;9.4;-;30
GVE;1981;5;32.4;-10.8;9.5;987.1;0;0;9;-;41
GVE;1982;8;32.5;-6.6;10.3;898.5;0;0;8.6;-;20
GVE;1983;21;35.3;-8.2;10.2;1021.4;0;0;8.3;-;26
GVE;1984;13;34.9;-7.2;9.4;826.3;0;0;9.4;-;31
GVE;1985;9;34.1;-18.9;9.1;847.5;1;0;8.6;-;37
GVE;1986;21;34.8;-10.9;9.7;888.8;0;1;8.3;-;52
GVE;1987;13;32.4;-14.9;9.8;911.7;0;0;7.9;-;29
GVE;1988;16;33.8;-6.1;10.4;909.4;0;0;8.6;-;22
GVE;1989;16;35.4;-10.9;10.8;550.8;0;0;8.3;-;5
GVE;1990;17;33.6;-8.1;11;873.3;0;0;8.6;-;15
GVE;1991;14;33.6;-9.8;10.4;744.8;0;0;9;-;17
GVE;1992;21;33.8;-8.3;10.8;930.5;0;0;8.6;-;12
GVE;1993;15;32.2;-9.8;10.3;988.9;0;0;9;-;22
GVE;1994;29;34.3;-5.7;11.8;884.3;0;1;8.3;-;11
GVE;1995;16;35;-10.3;10.8;1030;0;0;9.4;-;33
GVE;1996;2;31.1;-7.9;10;909.8;0;0;7.9;-;28
GVE;1997;4;30.5;-4.7;10.9;932.1;0;0;7.9;-;11
GVE;1998;17;36.1;-9.4;10.8;825.5;0;2;9.4;-;18
GVE;1999;5;32.7;-6.2;11.1;1230.6;0;0;9.7;-;37
GVE;2000;17;34.9;-9.3;11.8;996;0;0;8.3;-;10
GVE;2001;13;32.1;-8.3;11.1;1217.3;0;0;9;-;16
GVE;2002;17;35.3;-8.8;11.5;1166.4;0;1;8.3;-;7
GVE;2003;51;37.8;-10.1;11.8;736.9;0;4;8.3;-;23
GVE;2004;13;32.8;-10.5;11.2;989.5;0;0;8.6;-;33
GVE;2005;20;36.2;-11.4;10.7;746.3;0;3;7.9;121;43
GVE;2006;24;35.3;-9.3;11.2;968.6;0;1;7.6;155;20
GVE;2007;6;32.1;-11.2;11.2;1121.1;0;0;8.6;167;12
GVE;2008;11;32.2;-8.1;10.8;1134.9;0;0;7.9;174;23
GVE;2009;19;36.2;-12.6;11.2;886.4;0;2;8.3;156;26
GVE;2010;15;35.6;-10.8;10.1;812;1;0;9;148;45
GVE;2011;12;34.2;-6.8;11.4;619;0;0;7.6;139;11
GVE;2012;14;34.5;-11.4;10.9;970.3;0;0;9.4;169;23
GVE;2013;15;34.3;-10;10.2;1047.3;1;0;8.3;170;31
GVE;2014;6;33.4;-4.1;11.7;1004.6;0;0;7.9;184;6
GVE;2015;35;39.7;-5.9;11.6;685.5;0;4;8.6;136;17
GVE;2016;18;33.5;-5.8;11.1;885.5;0;0;8.6;-;18
GVE;2017;30;36.5;-7.5;11.3;693;0;4;8.6;144;23
GVE;2018;33;34.8;-8.9;12.3;864.3;0;1;9;164;17
GVE;2019;27;36.3;-7.1;11.8;842.2;0;0;9;162;14
GVE;2020;23;35.5;-5.6;12.2;793.8;0;2;9;154;6
GVE;2021;8;32.2;-6.5;10.9;867.1;0;0;9;156;23
GVE;2022;41;38.3;-6.3;12.8;693.8;0;4;8.6;145;4

stn;time;tnd30xy0;tre200yx;tre200yn;tre200y0;rre150y0;hto000y0;tnd20ny0;fu3010y0;w1pnd0y0;w2pnd2y0
CDF;1980;0;28.3;-19.2;4.8;1555.3;13;0;15.1;-;86
CDF;1981;0;27.8;-22.4;5.4;1516.5;33;0;15.5;-;96
CDF;1982;0;28.2;-18.1;6.5;1506.6;7;0;8.6;-;81
CDF;1983;4;33.6;-16.9;6.3;1631.3;4;0;9;-;-
CDF;1984;0;29.9;-18.2;5.3;1275.3;23;0;9.7;-;89
CDF;1985;0;29.5;-29.9;5.5;1183.4;6;0;10.4;-;79
CDF;1986;1;30.2;-25.6;5.8;1437.4;15;0;10.1;-;101
CDF;1987;0;27.9;-28.7;5.7;1766.4;16;0;9.7;-;82
CDF;1988;0;29.2;-18.6;6.6;1737;15;0;10.4;-;72
CDF;1989;0;28.7;-9.2;7.1;1091.2;4;0;9.4;-;47
CDF;1990;0;29.5;-12.8;7;1523.8;-;0;10.8;-;59
CDF;1991;0;28.7;-22.3;6.1;1220.4;-;0;9.7;-;64
CDF;1992;0;29.2;-16.9;6.7;1489.7;2;0;9.7;-;50
CDF;1993;0;28.3;-19.5;6.4;1489;2;0;9.7;-;51
CDF;1994;1;30;-19.2;7.7;1626.6;1;0;9.7;-;52
CDF;1995;1;30;-19.8;6.6;1745.2;6;0;9.7;-;69
CDF;1996;0;26.1;-20;5.9;1210;6;0;8.6;-;43
CDF;1997;0;27.1;-12.9;7.1;1265.7;0;0;9;-;38
CDF;1998;0;29.8;-20.5;6.3;1303.8;4;0;9;-;64
CDF;1999;0;28.3;-19.5;6.6;1781;11;0;8.3;-;82
CDF;2000;0;27.8;-21.9;7.1;1343.8;2;0;7.9;-;48
CDF;2001;0;27.7;-24.3;6.7;1773.5;1;0;9;-;61
CDF;2002;1;30.3;-16.7;7.5;1824.2;1;0;8.3;-;32
CDF;2003;9;32.5;-25.9;7.4;980;5;0;7.6;-;50
CDF;2004;0;27.2;-17.4;6.6;1290.2;4;0;8.3;-;65
CDF;2005;0;29.9;-22.1;6.4;1078.4;9;0;7.2;-;-
CDF;2006;0;29.3;-18.7;7.1;1567.5;13;0;7.2;-;-
CDF;2007;0;29.8;-16.7;7.2;1736.8;4;0;8.6;-;-
CDF;2008;0;26.9;-18.2;7.1;1340.9;5;0;7.9;-;-
CDF;2009;2;30.7;-21.7;7.1;1043.7;16;0;7.2;-;-
CDF;2010;0;29.1;-21.4;6;1156;7;0;7.6;-;-
CDF;2011;1;30.3;-13.2;7.9;1023.1;2;0;6.5;-;-
CDF;2012;1;31.9;-21.4;7;1649.1;12;0;7.9;-;-
CDF;2013;0;29.9;-20.9;6.5;1459.8;8;0;7.2;-;-
CDF;2014;0;29.5;-18.6;8;1387.7;3;0;7.2;-;-
CDF;2015;6;32.5;-13.9;7.7;1242.7;9;0;7.6;-;-
CDF;2016;1;30.4;-20.1;7.3;1477.6;4;0;7.6;-;-
CDF;2017;0;29.9;-18.1;7.3;1180.9;6;0;7.6;-;-
CDF;2018;0;29.1;-17.8;8.2;1345.3;2;0;7.6;-;-
CDF;2019;8;32.7;-16.3;7.9;1397;7;0;8.3;-;-
CDF;2020;1;31.1;-11.3;8.3;1230;2;0;8.3;-;-
CDF;2021;0;28.6;-17.6;6.6;1537.9;7;0;8.3;-;-
CDF;2022;7;32;-14.5;8.8;1154.5;3;0;7.9;-;-

stn;time;tnd30xy0;tre200yx;tre200yn;tre200y0;rre150y0;hto000y0;tnd20ny0;fu3010y0;w1pnd0y0;w2pnd2y0
OTL;1980;3;31.5;-5.3;11.1;1473.5;0;4;5;-;14
OTL;1981;2;31.3;-6;11.6;2203.1;1;2;5.4;-;24
OTL;1982;3;33.8;-4.3;11.8;1874.8;0;4;4.7;-;15
OTL;1983;16;37.3;-3;11.8;1938.2;1;13;5;-;21
OTL;1984;11;32.2;-3.7;11.1;2131.9;0;1;5;-;17
OTL;1985;1;30.7;-10.1;11.4;1729.1;2;2;5.4;-;21
OTL;1986;8;31.6;-7;11.8;1763.3;3;5;5.8;-;24
OTL;1987;1;30;-7.6;11.5;2277.5;1;6;5.4;-;17
OTL;1988;2;30.3;-3.5;12.1;2127.1;0;3;5.8;-;7
OTL;1989;3;32.7;-2.2;12.4;1478.1;0;3;5.4;-;1
OTL;1990;10;32.2;-3.6;12.7;1474.3;1;6;5.8;-;8
OTL;1991;26;31.9;-8.7;12.3;1782.4;0;23;5.8;-;13
OTL;1992;13;33.2;-3.2;12.5;1641;0;22;5;-;11
OTL;1993;3;30.3;-5.1;12.3;2134;0;3;5;-;14
OTL;1994;22;34;-4.4;13;1864.8;0;8;5;-;8
OTL;1995;8;32.5;-4.9;12.2;1406.2;0;7;5.4;-;12
OTL;1996;4;33.2;-7.3;11.9;1660.5;0;2;5;-;23
OTL;1997;3;30.4;-2.3;12.9;1564.2;0;2;5;-;9
OTL;1998;10;32.3;-3.6;12.5;1751.6;0;15;4.7;-;8
OTL;1999;0;29.8;-3.9;12.4;2366.6;0;1;4.3;-;13
OTL;2000;3;32;-5.5;12.8;2622.7;0;3;4.7;-;4
OTL;2001;6;31.2;-4.9;12.5;1753.9;0;9;5.4;-;10
OTL;2002;7;31.6;-3.7;12.7;2649.2;0;5;4.7;-;3
OTL;2003;56;37.9;-4.3;13.4;1107.4;0;42;4.7;-;11
OTL;2004;11;31.9;-3;12.5;1893.8;1;8;4;-;11
OTL;2005;14;32;-6.3;12.4;1057.7;0;13;2.5;-;-
OTL;2006;29;34.4;-4.7;12.9;1629;1;20;3.6;123;6
OTL;2007;12;32;-3.3;13.5;1503.8;0;4;4.7;-;-
OTL;2008;5;31.2;-5.2;12.5;2347.1;1;7;4.7;152;21
OTL;2009;9;31.2;-5.6;13;2106;1;7;4.7;141;15
OTL;2010;17;32.6;-5.4;11.9;2019.8;0;15;4.7;134;16
OTL;2011;11;32.5;-3.8;13.4;1578.3;0;9;4.3;111;6
OTL;2012;21;33.9;-9.5;13.1;1862.9;1;13;4.3;138;12
OTL;2013;19;33.5;-3.6;12.7;1947.3;0;11;4.7;145;16
OTL;2014;7;32.2;-1.3;13.3;2781.4;0;2;4.7;180;14
OTL;2015;38;36.8;-1.7;13.8;1344.5;0;29;5;135;9
OTL;2016;10;31.8;-2.9;13.2;1619.9;0;8;5;154;2
OTL;2017;18;34.5;-3.5;13.4;1685.5;1;25;5;103;10
OTL;2018;38;35;-7.5;13.8;1465.6;0;18;5;160;5
OTL;2019;25;35.5;-2.4;13.8;1867.9;0;21;5;-;-
OTL;2020;24;34.4;-1.8;13.7;1599.2;0;17;5;-;-
OTL;2021;11;33.7;-4.5;12.9;1611.6;0;11;5;-;-
OTL;2022;40;34.9;-2.2;14.4;1283;0;29;5;116;3

stn;time;tnd30xy0;tre200yx;tre200yn;tre200y0;rre150y0;hto000y0;tnd20ny0;fu3010y0;w1pnd0y0;w2pnd2y0
LUZ;1980;2;30.8;-9.9;8.5;1064.3;1;0;5;-;43
LUZ;1981;0;29.6;-11.2;9;1325.7;2;0;5;-;48
LUZ;1982;3;31.2;-12.6;9.5;1190.4;1;0;5;-;23
LUZ;1983;15;35.4;-8;9.7;925.7;0;0;5.4;-;27
LUZ;1984;5;34;-7.4;8.6;984;0;0;5.4;-;34
LUZ;1985;4;33.2;-18.9;8.3;1119.5;2;0;5.4;-;46
LUZ;1986;6;32.6;-14.6;8.7;1226.5;2;0;5.8;-;46
LUZ;1987;1;30.8;-20;8.7;1247.8;1;0;5.4;-;30
LUZ;1988;1;32.4;-8.8;9.9;1255.9;0;0;5.4;-;27
LUZ;1989;1;30.6;-4.9;9.8;1048.3;0;0;5;-;5
LUZ;1990;7;33.1;-10.2;9.9;1237.4;0;0;5.4;-;18
LUZ;1991;4;32.3;-10.3;9.5;1017.3;0;0;5.4;-;20
LUZ;1992;10;31.9;-9.5;10.2;1251.7;0;0;5;-;12
LUZ;1993;2;31.6;-9.7;9.9;1320.7;0;0;5.8;-;22
LUZ;1994;13;33.6;-7;11.3;1266;0;0;5.4;-;14
LUZ;1995;7;33.4;-10.5;10;1426.4;0;1;5.4;-;40
LUZ;1996;1;30.4;-10.7;8.7;1209.2;1;0;5;-;35
LUZ;1997;1;30.1;-9.6;9.8;1192.1;0;0;4.7;-;-
LUZ;1998;12;34;-8.1;9.8;1030.5;-;0;5;-;-
LUZ;1999;3;31.6;-13.4;9.6;1448.6;1;0;5;-;31
LUZ;2000;2;31.3;-9.3;10.4;1152.2;0;0;5.4;-;12
LUZ;2001;6;31.4;-12.1;9.9;1471.7;0;0;5.4;-;29
LUZ;2002;9;33.7;-9.4;10.4;1460.5;0;2;5.4;-;6
LUZ;2003;26;35.8;-9.9;10.4;957.4;0;1;5.4;-;31
LUZ;2004;4;30.8;-9.7;9.8;1084.9;0;0;5;-;32
LUZ;2005;13;33.8;-14.5;9.5;1140.4;1;0;4.7;150;47
LUZ;2006;18;33.9;-7.8;10.1;1202.4;0;0;4.7;173;25
LUZ;2007;4;33;-9;10.4;1261.7;-;0;5.4;-;-
LUZ;2008;3;31.9;-7.9;9.9;1179.1;-;0;5;-;-
LUZ;2009;5;32;-16.1;10.2;1067.6;1;0;5;-;-
LUZ;2010;9;32.5;-12.5;9.2;1360.6;1;0;5;-;-
LUZ;2011;9;32.7;-8.5;10.7;1120.8;0;0;4.7;-;-
LUZ;2012;10;33.2;-13.8;10.1;1305.9;1;0;5.4;-;-
LUZ;2013;13;34.9;-9.8;9.5;1212.4;0;0;4.7;-;-
LUZ;2014;7;34.3;-8.6;10.9;1418.2;0;0;5;-;-
LUZ;2015;26;34.8;-7.1;10.8;1123.4;0;4;5.4;-;-
LUZ;2016;8;32.2;-8;10.3;1422.8;0;0;5.4;-;-
LUZ;2017;16;34.3;-9.2;10.4;1244.9;1;2;5.4;-;-
LUZ;2018;17;34.4;-10.5;11.4;1061.8;0;3;5.8;-;-
LUZ;2019;17;35;-5.9;10.9;1131.5;0;3;5.8;-;-
LUZ;2020;6;32.8;-4.8;11.1;1226.2;0;0;5.8;-;-
LUZ;2021;6;30.9;-8;9.8;1369.4;1;0;5.4;-;-
LUZ;2022;14;33.8;-7.5;11.6;1141.3;0;1;5.4;-;-

stn;time;tnd30xy0;tre200yx;tre200yn;tre200y0;rre150y0;hto000y0;tnd20ny0;fu3010y0;w1pnd0y0;w2pnd2y0
NEU;1980;0;29.7;-9.9;8.7;967.9;0;0;8.6;-;25
NEU;1981;3;32;-8.6;9.4;1072.4;0;0;8.6;-;39
NEU;1982;4;31;-6.6;10.1;1080.4;0;2;9.4;-;18
NEU;1983;17;34.5;-7.2;10.1;1041.6;0;5;9.4;-;28
NEU;1984;6;31.3;-6.8;9.3;907.5;0;0;9.7;-;42
NEU;1985;7;32.4;-17.6;9.3;841.2;1;0;9;-;42
NEU;1986;8;32.3;-12.8;9.5;922.2;1;0;9;-;47
NEU;1987;1;30.1;-16.3;9.5;1092.3;0;0;9;-;27
NEU;1988;3;32.8;-6.7;10.2;1211.8;0;0;9.7;-;31
NEU;1989;7;31.6;-4.5;10.6;658.9;0;0;8.6;-;6
NEU;1990;9;32.4;-5.4;11;1046.3;0;0;9.4;-;15
NEU;1991;6;31.4;-10.6;10.2;810.3;0;1;9.4;-;16
NEU;1992;14;33;-8.9;10.8;987.9;0;4;9.4;-;7
NEU;1993;3;32;-10.5;10.3;995.3;0;0;9.4;-;24
NEU;1994;15;32.7;-5.7;11.6;974.7;0;7;9.4;-;17
NEU;1995;8;34.2;-9.4;10.3;1029.1;0;1;9.4;-;38
NEU;1996;0;29.7;-10.3;9.4;877.9;0;0;8.6;-;27
NEU;1997;1;30.1;-7.8;10.4;984.6;0;0;9;-;10
NEU;1998;13;34.3;-7.5;10.4;907.4;0;4;10.1;-;14
NEU;1999;2;30.8;-8.3;10.3;1183.4;0;0;9.7;-;35
NEU;2000;4;30.5;-10.4;11;905.8;0;0;8.6;-;10
NEU;2001;4;31.8;-11.1;10.4;1162.8;0;0;9.7;-;25
NEU;2002;8;33;-7.1;10.9;1134;0;2;9;-;13
NEU;2003;34;36.2;-9.8;11;698.3;0;15;8.3;-;34
NEU;2004;2;31.6;-5.8;10.3;1072.5;0;0;9;-;49
NEU;2005;13;34.3;-11.8;10;728.8;1;1;8.3;125;53
NEU;2006;17;34.1;-7;10.7;1236.7;0;4;8.6;167;33
NEU;2007;1;30.4;-6.6;10.8;1301.8;0;1;8.3;-;-
NEU;2008;3;30.9;-6.8;10.3;967.6;0;1;7.2;-;-
NEU;2009;9;33.6;-10;10.8;780;1;1;8.3;-;-
NEU;2010;12;34.3;-9.4;9.8;712.7;1;3;9;-;-
NEU;2011;8;32.8;-6.1;11.3;710.3;0;0;7.9;-;-
NEU;2012;8;33.6;-13.2;10.6;1124.4;0;3;9;-;-
NEU;2013;13;34.5;-6.3;10;1037.3;0;3;8.6;-;-
NEU;2014;5;31.2;-7.9;11.3;921.3;0;0;7.9;-;-
NEU;2015;28;37.8;-5.4;11.5;766.5;0;14;9.4;-;-
NEU;2016;9;32.3;-5.9;10.8;1087.9;0;1;9.4;-;-
NEU;2017;20;33.9;-10;11.2;754.8;0;7;9.4;-;-
NEU;2018;17;34;-10.2;11.8;889.1;0;8;9.4;-;-
NEU;2019;17;35.8;-5;11.3;960.5;0;7;9.4;-;-
NEU;2020;15;34.2;-2.8;11.7;964.9;0;4;9.7;-;-
NEU;2021;1;31.1;-7.7;10.4;1065.8;0;0;9.4;-;-
NEU;2022;28;36.7;-5.2;12.5;832.3;0;6;9.4;-;-

stn;time;tnd30xy0;tre200yx;tre200yn;tre200y0;rre150y0;hto000y0;tnd20ny0;fu3010y0;w1pnd0y0;w2pnd2y0
SAM;1980;0;25.1;-32.4;0.2;572.3;25;0;9.7;-;97
SAM;1981;0;25;-34.4;1;773.7;14;0;9.7;-;77
SAM;1982;0;25.4;-30.3;1.6;725.2;25;0;9.7;-;71
SAM;1983;0;28.7;-29.1;1.4;740.6;13;0;9.4;-;67
SAM;1984;0;25.8;-30.6;0.4;553.9;18;0;9.4;-;80
SAM;1985;0;24.6;-36.9;0.8;624.6;19;0;9.7;-;84
SAM;1986;0;24.8;-33.1;1.1;614.5;24;0;9.7;-;93
SAM;1987;0;25.4;-32.5;1.3;655.3;13;0;9.4;-;66
SAM;1988;0;24.4;-29.8;2.2;649.8;16;0;10.1;-;64
SAM;1989;0;24.5;-23;1.9;547.2;4;0;9;-;48
SAM;1990;0;25.1;-28.1;1.7;616.8;13;0;9;-;-
SAM;1991;0;27.1;-34;1;576.3;16;0;9;-;59
SAM;1992;0;26;-31.3;1.7;655.9;25;0;8.6;-;62
SAM;1993;0;24.7;-27.7;1.8;766.2;7;0;9;-;53
SAM;1994;0;26.3;-32.1;3.1;703.3;14;0;9;-;58
SAM;1995;0;25.8;-32.3;1.9;548.1;10;0;9;-;89
SAM;1996;0;23.4;-31.6;1.4;795.3;11;0;7.9;-;72
SAM;1997;0;23.8;-30.3;2;670.6;15;0;8.3;-;76
SAM;1998;0;27;-27.8;1.9;670.6;10;0;9.4;-;76
SAM;1999;0;24.3;-35;1.9;830;17;0;8.6;-;90
SAM;2000;0;24;-30;2.4;973.1;13;0;9;-;86
SAM;2001;0;25;-28.9;2.2;792.6;21;0;9;-;94
SAM;2002;0;25.8;-23.5;3;973.2;6;0;8.6;-;82
SAM;2003;0;27.7;-29.2;2.5;527.1;12;0;8.3;-;68
SAM;2004;0;24.5;-29.6;2.2;593.2;13;0;7.9;-;93
SAM;2005;0;26.4;-30.9;1.5;506.6;10;0;7.6;-;-
SAM;2006;0;26.6;-27.8;2.5;518.2;10;0;7.9;-;-
SAM;2007;0;24.2;-25.6;2.8;661.8;9;0;8.3;-;-
SAM;2008;0;23.9;-26.3;2.3;942;17;0;8.6;-;-
SAM;2009;0;24.4;-31.6;2.2;658;28;0;8.3;-;-
SAM;2010;0;27.4;-29.4;1.5;631.3;18;0;8.3;-;-
SAM;2011;0;26;-25.4;2.9;574.4;9;0;7.2;-;-
SAM;2012;0;27.8;-35.1;2.4;699.4;20;0;8.3;-;-
SAM;2013;0;27.7;-27.2;2.1;640.2;12;0;7.9;-;-
SAM;2014;0;24.4;-23.9;3.2;957;25;0;7.9;-;-
SAM;2015;0;28;-24.1;3.4;625.7;6;0;8.6;-;-
SAM;2016;0;26.4;-27.6;2.8;749.7;7;0;8.3;-;-
SAM;2017;0;25.5;-26.2;2.6;709.9;7;0;9;-;-
SAM;2018;0;25.3;-29.1;3.1;664.9;20;0;8.3;-;-
SAM;2019;0;28.5;-27.4;2.8;815.3;18;0;8.3;-;-
SAM;2020;0;25.9;-24.3;3;733.6;13;0;8.6;-;-
SAM;2021;0;24.5;-30.5;1.7;647.3;24;0;8.3;-;-
SAM;2022;0;26.3;-26.2;3.4;570.5;13;0;8.3;-;-

stn;time;tnd30xy0;tre200yx;tre200yn;tre200y0;rre150y0;hto000y0;tnd20ny0;fu3010y0;w1pnd0y0;w2pnd2y0
SIO;1980;1;30.5;-14.2;8.2;647.6;1;0;8.6;-;24
SIO;1981;11;31.9;-15;9.2;704.1;2;0;8.3;-;29
SIO;1982;6;30.7;-9.1;9.4;595.6;0;0;8.3;-;16
SIO;1983;18;36.6;-14.6;9.1;580.4;1;0;7.9;-;6
SIO;1984;8;34.2;-10.5;8.9;493.9;1;0;9;-;21
SIO;1985;7;32.8;-19.8;8.7;649;1;0;9.4;-;19
SIO;1986;14;34.6;-16.3;9.4;631.8;1;0;9.4;-;31
SIO;1987;7;32;-15.1;9.3;617.2;0;0;9.4;-;18
SIO;1988;15;33.7;-9.1;10.1;639.9;0;0;9;-;13
SIO;1989;9;34.1;-11.6;9.9;435.2;0;0;9;-;6
SIO;1990;16;33.7;-12;10.2;892;0;0;9.4;-;12
SIO;1991;12;32.6;-13.3;9.7;533.6;0;0;9;-;12
SIO;1992;19;34.4;-8.6;10.2;720.3;0;0;8.6;-;8
SIO;1993;8;33.1;-11.3;10.2;619;0;0;9.4;-;7
SIO;1994;20;32.8;-8.5;11.1;671;0;0;8.6;-;10
SIO;1995;11;33.5;-10;10.2;756.7;0;0;8.6;-;18
SIO;1996;7;32.3;-7.9;9.9;554.6;1;0;7.9;-;15
SIO;1997;2;31.2;-6.7;10.6;551;0;0;8.3;-;2
SIO;1998;15;34.4;-9.5;10.2;486.3;0;0;9;-;9
SIO;1999;8;31.5;-15.9;10.1;786.7;1;0;8.3;-;25
SIO;2000;13;34.2;-10.3;10.8;515.8;0;0;8.6;-;7
SIO;2001;12;32.4;-12.2;10.3;649.9;0;0;8.3;-;10
SIO;2002;13;33.7;-11.1;10.9;689.7;0;1;8.3;-;2
SIO;2003;43;37.2;-9.8;11.3;426.6;0;0;8.3;-;10
SIO;2004;12;34.8;-10.3;10.4;477;0;0;7.9;-;17
SIO;2005;17;35.2;-16;9.8;499.6;1;0;7.6;85;22
SIO;2006;25;35.9;-12.8;10.6;604.4;1;0;7.2;-;-
SIO;2007;7;34.2;-8.4;10.8;757.4;0;0;7.9;-;-
SIO;2008;16;32.7;-9.9;10.8;561.3;1;0;8.3;-;-
SIO;2009;29;35.5;-11.7;10.7;516;1;0;7.6;-;-
SIO;2010;22;35.6;-11.8;10.1;480;0;0;7.6;-;-
SIO;2011;24;36.8;-9.6;11.3;484.5;0;0;7.6;-;-
SIO;2012;22;36.9;-13.8;11;614.7;1;0;7.6;-;-
SIO;2013;32;37.2;-9.3;10.4;567.7;0;1;7.9;-;-
SIO;2014;14;36.2;-11.6;11.8;529.7;0;0;7.6;-;-
SIO;2015;45;37.8;-9;11.5;500.1;0;5;7.9;-;-
SIO;2016;31;34.8;-7.6;11.2;586.5;0;1;7.9;-;-
SIO;2017;41;36.9;-12.1;11.3;565.3;1;2;8.3;-;-
SIO;2018;49;36.2;-9.6;12.4;633.1;0;1;8.3;-;-
SIO;2019;38;38;-6.3;11.8;607.5;0;0;7.9;-;-
SIO;2020;24;36;-6.3;11.6;545;0;0;7.9;-;-
SIO;2021;12;33.3;-11.9;10.3;695.7;1;0;7.6;-;-
SIO;2022;49;36.8;-9.1;12.2;486.1;0;1;7.9;-;-

stn;time;tnd30xy0;tre200yx;tre200yn;tre200y0;rre150y0;hto000y0;tnd20ny0;fu3010y0;w1pnd0y0;w2pnd2y0
STG;1980;1;31.5;-12.6;7.4;1248.2;3;0;5.8;-;54
STG;1981;0;27.7;-14.1;7.9;1362.3;4;0;6.8;-;71
STG;1982;0;27;-10.7;8.1;1171.8;2;0;7.2;-;57
STG;1983;4;32.6;-12.8;8.2;1092.3;2;2;7.9;-;45
STG;1984;1;33.2;-11.2;7;1317.1;3;1;7.6;-;61
STG;1985;0;28.7;-21.1;7;1191.7;4;0;7.2;-;60
STG;1986;0;29.3;-19.2;7.3;1413.1;4;0;7.2;-;67
STG;1987;0;29.5;-23.8;7.3;1422.9;4;0;7.2;-;52
STG;1988;0;28.4;-11;8.4;1441.6;4;0;7.9;-;58
STG;1989;0;28.7;-9;8.5;1177.3;0;0;7.2;-;22
STG;1990;0;29.5;-11;8.8;1287.2;1;0;7.6;-;48
STG;1991;0;29.5;-14.6;7.5;1150.8;2;0;7.2;-;50
STG;1992;0;29.8;-13.2;8.6;1260.1;1;3;7.6;-;38
STG;1993;0;28.2;-12.9;8;1351.3;2;0;7.9;-;46
STG;1994;0;29.9;-9.9;9.4;1330.1;1;1;7.9;-;39
STG;1995;2;30.6;-12.6;8.1;1470.4;3;1;7.6;-;67
STG;1996;0;28.4;-16.3;6.9;1337.8;6;0;6.8;-;-
STG;1997;0;26.6;-12.6;8.5;1009.2;1;0;7.2;-;24
STG;1998;3;30.9;-11.3;8.6;1365.9;2;3;7.6;-;43
STG;1999;0;28.8;-13.1;8.4;1632.3;6;0;7.2;-;75
STG;2000;1;30.4;-13.6;9.4;1454.9;1;1;7.6;-;34
STG;2001;0;29.8;-15.4;8.4;1371.5;1;0;7.6;-;59
STG;2002;1;30.8;-11.1;9.1;1708.2;1;1;7.6;-;21
STG;2003;10;33.2;-11.7;9.1;1018.4;4;11;6.5;-;49
STG;2004;0;27.3;-9.3;8.2;1307.6;4;0;7.2;-;72
STG;2005;0;29.3;-16.7;8.1;1216.8;5;0;6.8;134;58
STG;2006;2;30.4;-12.8;8.8;1273.7;4;2;6.8;-;-
STG;2007;0;29.9;-10.6;9.1;1128.9;2;1;6.8;150;32
STG;2008;0;28.5;-9.2;8.6;1372.9;1;0;7.2;145;35
STG;2009;0;29.1;-14.5;8.9;1245.9;4;2;6.8;-;-
STG;2010;2;30.3;-10.7;7.6;1512.5;4;1;6.8;-;-
STG;2011;1;30.3;-10.3;9.4;1241.6;1;2;6.5;-;-
STG;2012;0;29.3;-18.2;8.6;1549.1;4;0;6.8;-;-
STG;2013;4;33.3;-10.9;7.9;1467.6;4;3;6.8;-;-
STG;2014;0;29.6;-12.1;9.6;1344.6;1;0;7.2;-;-
STG;2015;5;31.7;-8.3;9.6;1335.8;3;9;7.2;-;-
STG;2016;0;28.1;-11.3;9;1483.6;1;0;7.2;-;-
STG;2017;0;29.7;-12.3;9.1;1561;2;5;7.6;-;-
STG;2018;2;30.2;-15;9.9;1259.6;1;2;7.6;-;-
STG;2019;7;31.4;-9.2;9.5;1469.1;5;6;7.9;-;-
STG;2020;0;29.4;-6.7;9.7;1539.6;1;0;7.6;-;-
STG;2021;0;28;-12.6;8.4;1624;3;0;7.2;-;-
STG;2022;5;31.5;-10;10.2;1249.4;1;2;7.2;-;-

stn;time;tnd30xy0;tre200yx;tre200yn;tre200y0;rre150y0;hto000y0;tnd20ny0;fu3010y0;w1pnd0y0;w2pnd2y0
SMA;1980;1;30.3;-12.4;8;1027.3;1;0;7.2;-;54
SMA;1981;0;29.5;-11.8;8.7;1289.6;1;0;7.6;-;72
SMA;1982;1;30;-8;9.3;1171.9;0;0;6.8;-;46
SMA;1983;12;35.8;-10.8;9.4;875.9;0;2;7.6;-;34
SMA;1984;6;34.7;-9.8;8.5;993.9;0;0;7.9;-;61
SMA;1985;4;32.2;-19.5;8.3;959.6;2;0;7.9;-;54
SMA;1986;1;32.3;-15.3;8.4;1204.3;2;0;8.3;-;61
SMA;1987;2;30.8;-20.8;8.3;1215.2;1;0;7.9;-;49
SMA;1988;1;31.6;-8.9;9.4;1414.6;0;0;8.3;-;-
SMA;1989;1;30.8;-8.4;9.6;950.1;0;0;7.6;-;8
SMA;1990;7;32.8;-7.2;9.9;1188.2;1;0;8.3;-;33
SMA;1991;6;33.1;-13;8.9;924.1;0;0;7.9;-;32
SMA;1992;14;32.5;-10.3;9.5;1078.5;0;1;8.3;-;29
SMA;1993;2;30.8;-11.3;9.1;1173.6;0;0;7.9;-;35
SMA;1994;11;33.3;-7.2;10.5;1171.9;0;1;8.3;-;32
SMA;1995;5;32.7;-10.8;9.2;1323.3;0;0;8.6;-;58
SMA;1996;1;30.5;-12.9;8.2;1003.7;1;0;7.6;-;48
SMA;1997;0;29.9;-11.4;9.5;985.9;0;0;7.9;-;20
SMA;1998;13;33.4;-9.9;9.6;1043.8;0;0;8.3;-;42
SMA;1999;2;31;-11.5;9.5;1549;1;0;8.3;-;59
SMA;2000;3;31.8;-11.9;10.4;1156.7;0;0;7.9;-;28
SMA;2001;2;31;-14.4;9.6;1482.9;0;0;8.6;-;46
SMA;2002;7;34.1;-8.8;10.4;1275.8;0;2;8.6;-;17
SMA;2003;27;36;-10.1;10.2;859.2;1;2;7.6;-;47
SMA;2004;0;29.9;-8;9.4;1071;1;0;7.9;-;54
SMA;2005;9;32.7;-14.1;9.2;1041.9;2;1;6.5;154;66
SMA;2006;16;33.1;-8.6;9.8;1134.5;1;1;6.8;-;-
SMA;2007;2;33.2;-8.4;10.1;1152.9;0;0;7.6;168;21
SMA;2008;3;30.8;-7;9.6;1212.7;1;0;7.2;172;36
SMA;2009;6;31.8;-13.6;9.9;1098.3;1;0;6.5;168;44
SMA;2010;9;32.7;-11.3;8.8;1001.5;2;0;6.8;172;65
SMA;2011;8;32.7;-8.1;10.5;913.5;0;0;6.5;-;-
SMA;2012;6;32.4;-16.9;9.7;1291.7;1;0;6.8;182;40
SMA;2013;11;35.1;-9.5;9.1;1093.8;1;2;6.8;-;41
SMA;2014;5;33.4;-11.8;10.6;1076.4;0;0;6.5;-;-
SMA;2015;26;34.6;-7.4;10.6;918;1;9;7.2;-;-
SMA;2016;8;32.3;-8.7;9.9;1296.8;0;0;7.2;-;-
SMA;2017;13;33;-12.7;10.2;1106.6;1;6;7.6;-;-
SMA;2018;16;34.6;-13.1;11.1;897.3;0;3;7.6;-;-
SMA;2019;15;34.7;-5.7;10.5;1041.2;0;4;7.9;-;-
SMA;2020;9;33.6;-4.2;10.9;859.5;0;1;7.6;-;-
SMA;2021;5;31.1;-11.7;9.6;1126.6;1;0;7.2;-;-
SMA;2022;16;34.7;-7.7;11.5;871.9;0;3;7.6;-;-
